00000000000000000000000000000000000000000000000000000000000000000000000000000000000000000000000000000000000000000000000000000000000000000000
00000000000000000000000000000000000000000000000000000000000000000000000000000000000000000000000000000000000000000000000000000000000000000000
00000000000000000000000000000000000000000000000000000000000000000000000000000000000000000000000000000000000000000000000000000000000000000000
00000000000000000000000000000000000000000000000000001100000000000000000000000000000000000000000000000000110000000000000000000000000000000000
00000000000000000000000000000000000000000000000000011100000000000000000000000000000000000000000000001111111000000000000000000000000000000000
00000000000000000000000000000000000000000000000001111100000000000110000000000000000001100000000000001111111000000000000000000000000000000000
00000000000000000000000000000000000000000000000001111110000000001111110000000000000111110000000111111111110000000000000000000000000000000000
00000000000000000000000000000000000000000000000111111110110000001111110000000000000111111100000111111111111100000000000000000000000000000000
00000000000000000000000000000000000000000011011111101101111100001111111110000110011111111100000011111111111111100000000000000000000000000000
00000000000000000000000000000001100000011111111111111111111100000111111110001110011111111100000111111111101111100000000000000000000000000000
00000000000000000000000000000001110000011111111111111111111000011111111110011110011111111111100111111111111111111100000000000000000000000000
00000000000000000000000000011111110000011111111111111111111001111111111111111100011111111111111111111111111111111100000000000000000000000000
00000000000000000000000000011111100000011111111111111111111111111111111111111111101111111111111111111111111111100000000000000000000000000000
00000000000000000000000001111111110111111111110111101111111111111111101111111111111011111111111111011111111111110000000000000000000000000000
00000000000000000000000001111111111111111111111111111111111011011111111111111111111011111111111101111111111111111100000000000000000000000000
00000000000000000000000011111111111111111111111111110111111111111111111111110111111011111111111111111111111111111110000000000000000000000000
00000000000000000000000011111111111111111111111111111111111111111111111111111111111111111111111111111111111111111110000000110110000000000000
00000000000000000000001111111111111111111111111111111111111101111111111111111111111111111111111111111111111111111110011001111110000000000000
00000000000000000000001111111111111111111111110111111111111111111111111111111011111011111111011111111111011111111111011001111111100000000000
00000000000000000000001111110110111111111111111111111111111111111111111111111111111111111111110111111111111111111111111111101111100000000000
00000000000000000000001111111111111111111111111111111111101111111111111111111111111111111111111111111111111111111111111111111111100000000000
00000000000000000000011111111111111111111111111111111111111111111110111111111011111111111111111111011111111111111111001111111111000000000000
00000000000000000000011111111111111111111111111111111111111101111111111111011111111111111111111111111111111111111111111111111110000000000000
00000000000000000000111011111111111111111111101111111111111111111111111111111110111111111111111111111111111111111111111111110110000000000000
00000000000000011110111111111110111111111111111111111111111111111110111111111111111111111111111111111111111111111111111011111111100000000000
00000000000000011111011111111111111111111111111111111111111111111111111111011111111111111111111111111111111111111111101111111111111000000000
00000000000000011111111111111111111101111111111111111111110111111111011011111110111111111111110111111111111111111111111111110111111000000000
00000000000000011011111111111111111111111111110111111111111111111111111111111111111111111111111111011111111111111111111100111111110000000000
00000000000011100011011111111111111111111111111111011111111111111111111111110111111111111111111111111111111111111111111111111111111100000000
00000000000011110111111110111111111111111111111111111111011111111111111110111111111111111111111111111111111111111111111111111111111100000000
00000000000001111111111111111111011011111110111111101111111111111111111111111111110111111111111111111111110111111111111111111111101100000000
00000000000000111111111111110011111111111111111111111111111011111111111111111111111111111111111111111111111111111111111111111111111100000000
00000000000000011111111111111111111111111111011111111111111111101111011111111111111110111111111111111111111111111111111111111111111100000000
00000000000000011111111111111111111111111111111111111111111111111111111111111111111111111111111111111111110111111111111111111111100000000000
00000000000001111111111111101111111111111111111111111111111111111111111110111111111111111111111111111111111111111111111111111111111000000000
00000000000111111110111111111111111111111111111111111111111111111111111111111111111111111111111111111111111111111111111111111111111000000000
00000000001111111111111111111111111111111111111111111111111111111111111111111111110111111111111011011111111111111111111111111111111000000000
00000000001111111111111111111111111111111111111111111111111111111111111111111111111111111111111111111111111111111111111111111111111000000000
00000000000111111011111111111111111111111111111111111111111111111111111111011011111111111111111111111111110111111110111111011111100000000000
00000000000011111111111110111111110111111111111111111111111111111111111111111111111101111111111111111111111111111111111011011111100000000000
00000000001111111111111111111111111111110111111111111111101111111111111111111111111111111111111111111111111111111111111111111110000000000000
00000000001111111111111111111111111111111111111111111111111111101111110111111111111111111111111111111111111101111011111111111000000000000000
00000000001111111111111111111111111111111111111111110111111111111111111111111111111110111111111111111101111111111111111111111000000000000000
00000000001111110111111111111111111111111111111111111111111111111011111111111111111111111111111011011111111110111111011111101101100000000000
00000000000000111101111111111111110111111111111111111111111111111111111111111111111111111111111111111111111111111111101111111111111000000000
00000000000001111111111101111111111101111111111101111111111111011111011111111111111111111111111111111111111111110111111111111111111000000000
00000000000001110111111111111111111111111111011111111111111110111111111111111111011111111111111111111111111111111111111111111111101100000000
00000000000011111111111111111111111111111111111111111111111111111111111011111011111111111111110111111111111111111111111110111111111100000000
00000000000111111111111111111111111111111111111001111111111111111111111111111111111111111111111111111111111110111111111111111111111100000000
00000000000111111111111111111111110111111111111111111111111111111111111111111111111111101111111111111111111111111111111111111111111110000000
00000000000011111111111111111111111101111011111111111111111111111111111111111011111111111111111111111111111111111111111111111101111111111000
00000000000011111101111111111111111111111101111111111111111110111111111111111111111111111111111111111111011111111111111111111111111111111000
00000000000011111111111111111111111111111111110111111111111111111111111111111111011111101111111111111111111111111111111111111111111111110000
00000000000011111111111111111111111111111011111111111111111111111111111111111111111111111111111111111111111111101111111111111111011111110000
00000000000011111111111111111111111111111111111111111111111111111111011111111111111111111111111111101111111111111111111111111111111111110000
00000000000000011011111111111111111111111111111111111111111111111111111111111101111110111111111111111111111111111111111111111111111111110000
00000000000001111111111111111111111111111111101111111111111110111110111111111111111111111111111111111111111101111111111111111111111111110000
00000000000001111111111111111111111111111111111111111111111111111111111111111111111111111111111111111011111111110110111111011111111111110000
00000000000000111111111111111111111111111111111111111111111111111111111111111111111011111111111111111111111110111111110111111111111100000000
00000000000000000111111111111111111111111110110111111111111111111111101111111111111111111111111111111111111111111111101111111111111000000000
00000000000011111111111111111111111111111111111111111111111111111111001111111111111111011110111111111111111111111111111111111111100000000000
00000000000011111111111111111110111111111111111111111111111111101111000011111011111111111111111111111111111111111111111111110000000000000000
00000000000000011111111111111111111111111111111111111111111111111111000111111001111111111111111111111111111111111111111111111000000000000000
00000000000000001111111111111111111111111101111111111011110111111111001111011001111011111111111111111111111111111110111111111111011000000000
00000000000000011111111111111110111111111111111111111111011111111111001110011001100011111111111111111101111111111111111111111111111000000000
00000000000011111111111111111111111111111111111111111111111101111111001100000000000000111111011110110111111111111111111111111111111110000000
00000000000011111111111111111111111111111111111111111111111100000110000000000000001101111111111111111111111111111111111111111011111110000000
00000000000001111111111111111111111111111111101101111101111111100000000000000000001111111111111111111111111111111101101111111111111000000000
00000000110001111111111111111111111111111111111111111111111111110000000000000000001111111111111111111111111111111111111111111111110000000000
00000000111100111111111111111111111111110111111111111111111111110000000000000000000110011111111111111011110110111111111111111110110000000000
00000000111111111111101111111101111111111111111111111111111111100000000000000000001111101111011111110111111111111111111111111111110000000000
00000000111111111111111111111111111111111111111111111111111111100000000000000000001111111111111111111111111111111111111111111111111100000000
00000000011111111111111111111111111111111111011111111111111111100000000000000110000111111111111111111111111111111110111111111111111110000000
00000000000111111111111111101111111111011111011111111111111111110000000000001111111111111111111101111111111111111111111011111111111110000000
00000000000111101111111111111111111101111111111111111111111101111000000000001111111111111111111110111111111111111111111111111111001100000000
00000000000111111111111111111101111111111111111111111111011110111000000000001111111111111111111111111110111111111111111111111111111111100000
00000000011111111111111111111111111111111101111111111111111111111000000000001111111111111111111111111111111110111111101111111111111111100000
00000000011111101111111111111111111111111111111111111111111111111000000011111111111111111111111111110111111111111111111111111110111111100000
00000000011111111111111111111111111111111111111111111111111111111100000011111111111111111111111111111111111111111111111111111111111110000000
00000000000001111111111101111111111101111111111111111111111111111111000011111111011111111111111110111111111111111111111111111111111111100000
00000000110110111111111111111111111111111101111111111111011111101111111111111111111111111111111111111111110111111111111111111111111111100000
00000001111111111111111111111111111111111111111111111011111111111111111111111111111111111111111111111111111111111101111111111111111110000000
00000001111111111111111111111111111111111111111111111111111111111111111111111111111111111111111110111111111111111111011111111111111110110000
00000000011111111111111111111111111111111111111101111111110011111111111111111111111111111111111111101111110111111111111111111111111111110000
00000000001111110111111011111111111111111111111111111111111111111111111110111111111111111111111111111111111101111111111111111111111111110000
00000000001111111111111111111111111101111111111011111111111111111111101111111111111111111111111111111101111111111111111111111111111111000000
00000000000111111111111111111111011111101111111111111111101111111111111111111111111111111111111111111111111111111111111111111111111101100000
00000000001111111111111111111111011111111111111111111110111111111111111111111111111111111111111111111111111111111101111111011111111111110000
00000001101111111111111111111111111111110111111111111011111111111111111111111111111111111111111111111111011111111111111111111111111111110000
00000011100111101111111111111111111111111111111111111111111111111111111111111111111011111111111111011011111111111111111111111111111111000000
00000011111111111111111111111111111111111111111111111111111111111111111111111111110001111111111111111111111111111111111111111101111100000000
00000011111111111111111111111111111111111111111111101111111111111111111111111111111011111111111111111111111111111111111111111111111000000000
00000011111111111111111111111111111111111111111111111111111111111110111111111111111111111110111111111011111111111111111111111111111000000000
00000001111111111111111111111111111111111111111111111111110111111111111111111111111111111111011111111111111111111111111111111111011100000000
00000000111111111111111111111111111111011111111111011111111111111111111111111111111111111111111111111111111111111111111111111111111100000000
00000001111111111111111111111111111111111111111111111111111011111111111111111111111111111111111111111111111110111111111111111111111000000000
00000001111111111111111110111111111111111111111111111111011111111111111110111111111111111111111111111111111111101111111111111111110000000000
00001111111111111111111111111111111111011111111111111111111111111111111111111111111111111111111111111111111111111111111111111111111100000000
00001111111111111111111111111111011111111111111111111110111111111111111111111111111111111111111111111111111111111111111111111111111100000000
00000011111111111111111111111101111111111111111111110111111111111111101111111111111111111111111111111111111111111111101111111111111100000000
00000001111111111111111111111111111111110110110111111111111111011110111111111111111111011111111111111111111111111111111110111111111100000000
00000011111111111111111110111111111111111111111111111111111111111111111111111111111111111111111111110111111111111111111111011110011000000000
00000011111111111111111111101111111111111111111111111111111111111111111111011111111111111111111111111101111111111111111111111110000000000000
00000011111111111111111111111111111111111111111111111111111111111111111111111111111111111111111111111111111111111101111110111111100000000000
00000000111111111110111111111111111111111111111111101111001111111111111111111111101111111111111111111111111111111111111111110111110000000000
00000000111111111111111111111111111111111111111111111111111111111111111111111111111111111111111111111111111111111111111111111111110000000000
00000011111111111111111111111111111111101111111111111011110111111111111111111111110111111111111111111111111111111111111111111110111000000000
00000011111111111111111111111111111111111111111111111111111101111111111111111111111111111111111111111111111111111111111111111100111000000000
00000000111111111111110111111111111111011111111111111111111111111111111111111111111111111110111111111111111111111111011111111110000000000000
00000000111111111110111111111111111111101111111111111111111111111111111111111111111111110111111111111111111111111111111111111110000000000000
00000000111111111111111110111111111111111111111111011111111111111011111111111111111111111111111111111111111111111111111110111100000000000000
00000011111111111111111111111111111111111111111111111111111111111111101111111111111111111111111111111111111011011111111111111000000000000000
00000011111111111111111111111111110111111111111111111111111111111111111111111111111111111111111111101111111111111111111111111100000000000000
00000011111111111111111111110111111111111111111111111111111111111111111111111111011111111111111111111011111111111111111111111110000000000000
00000011111101111111111111111111111111111111111111111111111111111111111111111111111111111101111111111111111111111111111111111110000000000000
00000000000000111111111111111111110111111111111111111111111111111111111111111111101111111111111111111111111111111111111111110000000000000000
00000000000000111111011111111111111111111111111111111111111111111110111111111111111111101111111111111111111111111111111111110000000000000000
00000000000000011111011111111111111111111111111110111111111111111111111111110111111111111110111111111111111111111111111111110000000000000000
00000000000000001111000110111111111111111111111111111011111111111111111111111111111101111111110111111011111111111111111110110000000000000000
00000000000000011111000011111111111111111111111111111111111111111111111111111011111111111111111111111111111111111111111111111110000000000000
00000000000000011110000111111111111111111111111111111111111111111111111111111111111111111111101111111111111111111111111111111110000000000000
00000000000000001110000111110011111111111111111111111011111111111111111111111111111101111111111111111111101111111111011111111110000000000000
00000000000000001100000001111101111111101111111111111111111111111111111111111111110111111111111111111111111111101111111111111000000000000000
00000000000000001100000001111111111111111111111111111111111111111111111111111111111111111111111111111111111110000011111110000000000000000000
00000000000000000000000000011011111111111111111101111111111111011111111111111111111111111101111111111111111100000000000000000000000000000000
00000000000000000000000000011011111111011111111111111111111111111111111110111111111101111111111111111111111111000000000000000000000000000000
00000000000000000000000000000011110111111111111011111111111111111111111111001111111111111111111111111111111111000000000000000000000000000000
00000000000000000000000000000111111111111111111111111111111111110111111111100011111111110111111111111111111110000000000000000000000000000000
00000000000000000000000000000111111111111111111111111111101111110111111111100111111100000111111111111111111111000000000000000000000000000000
00000000000000000000000000000011011111111111111111111110000001100001111111000111000000000111111111011111111111000000000000000000000000000000
00000000000000000000000000000000011111111111111111111110000000000000011000000011000000000011111111011110111100000000000000000000000000000000
00000000000000000000000000000000000111111111111110110000000000000000000000000111100000000011111111000000011100000000000000000000000000000000
00000000000000000000000000000000000001111001100000000000000000000000000000000111100000000001111100000000001100000000000000000000000000000000
00000000000000000000000000000000000001100000000000000000000000000000000000000011000000000001111000000000000000000000000000000000000000000000
00000000000000000000000000000000000000000000000000000000000000000000000000000000000000000001111000000000000000000000000000000000000000000000
00000000000000000000000000000000000000000000000000000000000000000000000000000000000000000000000000000000000000000000000000000000000000000000
00000000000000000000000000000000000000000000000000000000000000000000000000000000000000000000000000000000000000000000000000000000000000000000
00000000000000000000000000000000000000000000000000000000000000000000000000000000000000000000000000000000000000000000000000000000000000000000
00000000000000000000000000000000000000000000000000000000000000000000000000000000000000000000000000000000000000000000000000000000000000000000
00000000000000000000000000000000000000000000000000000000000000000000000000000000000000000000000000000000000000000000000000000000000000000000
